Resultados de la optimizacion solo carga sin EVs
t= 96 	 Pg=157.5710 	 Pd=153.4410 	 ENS=   0.00 	 OverCharge=   0.00
Overcharge general 
 Line:	      1	      2	      3	      4	      5	      6	      7	      8	      9	     10	     11	     12	     13	     14	     15	     16	     17	     18	     19	     20
 t: 	 1	   0.00	   0.00	   0.00	   0.00	   0.00	   0.00	   0.00	   0.00	   0.00	   0.00	   0.00	   0.00	   0.00	   0.00	   0.00	   0.00	   0.00	   0.00	   0.00	   0.00
 t: 	 2	   0.00	   0.00	   0.00	   0.00	   0.00	   0.00	   0.00	   0.00	   0.00	   0.00	   0.00	   0.00	   0.00	   0.00	   0.00	   0.00	   0.00	   0.00	   0.00	   0.00
 t: 	 3	   0.00	   0.00	   0.00	   0.00	   0.00	   0.00	   0.00	   0.00	   0.00	   0.00	   0.00	   0.00	   0.00	   0.00	   0.00	   0.00	   0.00	   0.00	   0.00	   0.00
 t: 	 4	   0.00	   0.00	   0.00	   0.00	   0.00	   0.00	   0.00	   0.00	   0.00	   0.00	   0.00	   0.00	   0.00	   0.00	   0.00	   0.00	   0.00	   0.00	   0.00	   0.00
 t: 	 5	   0.00	   0.00	   0.00	   0.00	   0.00	   0.00	   0.00	   0.00	   0.00	   0.00	   0.00	   0.00	   0.00	   0.00	   0.00	   0.00	   0.00	   0.00	   0.00	   0.00
 t: 	 6	   0.00	   0.00	   0.00	   0.00	   0.00	   0.00	   0.00	   0.00	   0.00	   0.00	   0.00	   0.00	   0.00	   0.00	   0.00	   0.00	   0.00	   0.00	   0.00	   0.00
 t: 	 7	   0.00	   0.00	   0.00	   0.00	   0.00	   0.00	   0.00	   0.00	   0.00	   0.00	   0.00	   0.00	   0.00	   0.00	   0.00	   0.00	   0.00	   0.00	   0.00	   0.00
 t: 	 8	   0.00	   0.00	   0.00	   0.00	   0.00	   0.00	   0.00	   0.00	   0.00	   0.00	   0.00	   0.00	   0.00	   0.00	   0.00	   0.00	   0.00	   0.00	   0.00	   0.00
 t: 	 9	   0.00	   0.00	   0.00	   0.00	   0.00	   0.00	   0.00	   0.00	   0.00	   0.00	   0.00	   0.00	   0.00	   0.00	   0.00	   0.00	   0.00	   0.00	   0.00	   0.00
 t: 	 10	   0.00	   0.00	   0.00	   0.00	   0.00	   0.00	   0.00	   0.00	   0.00	   0.00	   0.00	   0.00	   0.00	   0.00	   0.00	   0.00	   0.00	   0.00	   0.00	   0.00
 t: 	 11	   0.00	   0.00	   0.00	   0.00	   0.00	   0.00	   0.00	   0.00	   0.00	   0.00	   0.00	   0.00	   0.00	   0.00	   0.00	   0.00	   0.00	   0.00	   0.00	   0.00
 t: 	 12	   0.00	   0.00	   0.00	   0.00	   0.00	   0.00	   0.00	   0.00	   0.00	   0.00	   0.00	   0.00	   0.00	   0.00	   0.00	   0.00	   0.00	   0.00	   0.00	   0.00
 t: 	 13	   0.00	   0.00	   0.00	   0.00	   0.00	   0.00	   0.00	   0.00	   0.00	   0.00	   0.00	   0.00	   0.00	   0.00	   0.00	   0.00	   0.00	   0.00	   0.00	   0.00
 t: 	 14	   0.00	   0.00	   0.00	   0.00	   0.00	   0.00	   0.00	   0.00	   0.00	   0.00	   0.00	   0.00	   0.00	   0.00	   0.00	   0.00	   0.00	   0.00	   0.00	   0.00
 t: 	 15	   0.00	   0.00	   0.00	   0.00	   0.00	   0.00	   0.00	   0.00	   0.00	   0.00	   0.00	   0.00	   0.00	   0.00	   0.00	   0.00	   0.00	   0.00	   0.00	   0.00
 t: 	 16	   0.00	   0.00	   0.00	   0.00	   0.00	   0.00	   0.00	   0.00	   0.00	   0.00	   0.00	   0.00	   0.00	   0.00	   0.00	   0.00	   0.00	   0.00	   0.00	   0.00
 t: 	 17	   0.00	   0.00	   0.00	   0.00	   0.00	   0.00	   0.00	   0.00	   0.00	   0.00	   0.00	   0.00	   0.00	   0.00	   0.00	   0.00	   0.00	   0.00	   0.00	   0.00
 t: 	 18	   0.00	   0.00	   0.00	   0.00	   0.00	   0.00	   0.00	   0.00	   0.00	   0.00	   0.00	   0.00	   0.00	   0.00	   0.00	   0.00	   0.00	   0.00	   0.00	   0.00
 t: 	 19	   0.00	   0.00	   0.00	   0.00	   0.00	   0.00	   0.00	   0.00	   0.00	   0.00	   0.00	   0.00	   0.00	   0.00	   0.00	   0.00	   0.00	   0.00	   0.00	   0.00
 t: 	 20	   0.00	   0.00	   0.00	   0.00	   0.00	   0.00	   0.00	   0.00	   0.00	   0.00	   0.00	   0.00	   0.00	   0.00	   0.00	   0.00	   0.00	   0.00	   0.00	   0.00
 t: 	 21	   0.00	   0.00	   0.00	   0.00	   0.00	   0.00	   0.00	   0.00	   0.00	   0.00	   0.00	   0.00	   0.00	   0.00	   0.00	   0.00	   0.00	   0.00	   0.00	   0.00
 t: 	 22	   0.00	   0.00	   0.00	   0.00	   0.00	   0.00	   0.00	   0.00	   0.00	   0.00	   0.00	   0.00	   0.00	   0.00	   0.00	   0.00	   0.00	   0.00	   0.00	   0.00
 t: 	 23	   0.00	   0.00	   0.00	   0.00	   0.00	   0.00	   0.00	   0.00	   0.00	   0.00	   0.00	   0.00	   0.00	   0.00	   0.00	   0.00	   0.00	   0.00	   0.00	   0.00
 t: 	 24	   0.00	   0.00	   0.00	   0.00	   0.00	   0.00	   0.00	   0.00	   0.00	   0.00	   0.00	   0.00	   0.00	   0.00	   0.00	   0.00	   0.00	   0.00	   0.00	   0.00
 t: 	 25	   0.00	   0.00	   0.00	   0.00	   0.00	   0.00	   0.00	   0.00	   0.00	   0.00	   0.00	   0.00	   0.00	   0.00	   0.00	   0.00	   0.00	   0.00	   0.00	   0.00
 t: 	 26	   0.00	   0.00	   0.00	   0.00	   0.00	   0.00	   0.00	   0.00	   0.00	   0.00	   0.00	   0.00	   0.00	   0.00	   0.00	   0.00	   0.00	   0.00	   0.00	   0.00
 t: 	 27	   0.00	   0.00	   0.00	   0.00	   0.00	   0.00	   0.00	   0.00	   0.00	   0.00	   0.00	   0.00	   0.00	   0.00	   0.00	   0.00	   0.00	   0.00	   0.00	   0.00
 t: 	 28	   0.00	   0.00	   0.00	   0.00	   0.00	   0.00	   0.00	   0.00	   0.00	   0.00	   0.00	   0.00	   0.00	   0.00	   0.00	   0.00	   0.00	   0.00	   0.00	   0.00
 t: 	 29	   0.00	   0.00	   0.00	   0.00	   0.00	   0.00	   0.00	   0.00	   0.00	   0.00	   0.00	   0.00	   0.00	   0.00	   0.00	   0.00	   0.00	   0.00	   0.00	   0.00
 t: 	 30	   0.00	   0.00	   0.00	   0.00	   0.00	   0.00	   0.00	   0.00	   0.00	   0.00	   0.00	   0.00	   0.00	   0.00	   0.00	   0.00	   0.00	   0.00	   0.00	   0.00
 t: 	 31	   0.00	   0.00	   0.00	   0.00	   0.00	   0.00	   0.00	   0.00	   0.00	   0.00	   0.00	   0.00	   0.00	   0.00	   0.00	   0.00	   0.00	   0.00	   0.00	   0.00
 t: 	 32	   0.00	   0.00	   0.00	   0.00	   0.00	   0.00	   0.00	   0.00	   0.00	   0.00	   0.00	   0.00	   0.00	   0.00	   0.00	   0.00	   0.00	   0.00	   0.00	   0.00
 t: 	 33	   0.00	   0.00	   0.00	   0.00	   0.00	   0.00	   0.00	   0.00	   0.00	   0.00	   0.00	   0.00	   0.00	   0.00	   0.00	   0.00	   0.00	   0.00	   0.00	   0.00
 t: 	 34	   0.00	   0.00	   0.00	   0.00	   0.00	   0.00	   0.00	   0.00	   0.00	   0.00	   0.00	   0.00	   0.00	   0.00	   0.00	   0.00	   0.00	   0.00	   0.00	   0.00
 t: 	 35	   0.00	   0.00	   0.00	   0.00	   0.00	   0.00	   0.00	   0.00	   0.00	   0.00	   0.00	   0.00	   0.00	   0.00	   0.00	   0.00	   0.00	   0.00	   0.00	   0.00
 t: 	 36	   0.00	   0.00	   0.00	   0.00	   0.00	   0.00	   0.00	   0.00	   0.00	   0.00	   0.00	   0.00	   0.00	   0.00	   0.00	   0.00	   0.00	   0.00	   0.00	   0.00
 t: 	 37	   0.00	   0.00	   0.00	   0.00	   0.00	   0.00	   0.00	   0.00	   0.00	   0.00	   0.00	   0.00	   0.00	   0.00	   0.00	   0.00	   0.00	   0.00	   0.00	   0.00
 t: 	 38	   0.00	   0.00	   0.00	   0.00	   0.00	   0.00	   0.00	   0.00	   0.00	   0.00	   0.00	   0.00	   0.00	   0.00	   0.00	   0.00	   0.00	   0.00	   0.00	   0.00
 t: 	 39	   0.00	   0.00	   0.00	   0.00	   0.00	   0.00	   0.00	   0.00	   0.00	   0.00	   0.00	   0.00	   0.00	   0.00	   0.00	   0.00	   0.00	   0.00	   0.00	   0.00
 t: 	 40	   0.00	   0.00	   0.00	   0.00	   0.00	   0.00	   0.00	   0.00	   0.00	   0.00	   0.00	   0.00	   0.00	   0.00	   0.00	   0.00	   0.00	   0.00	   0.00	   0.00
 t: 	 41	   0.00	   0.00	   0.00	   0.00	   0.00	   0.00	   0.00	   0.00	   0.00	   0.00	   0.00	   0.00	   0.00	   0.00	   0.00	   0.00	   0.00	   0.00	   0.00	   0.00
 t: 	 42	   0.00	   0.00	   0.00	   0.00	   0.00	   0.00	   0.00	   0.00	   0.00	   0.00	   0.00	   0.00	   0.00	   0.00	   0.00	   0.00	   0.00	   0.00	   0.00	   0.00
 t: 	 43	   0.00	   0.00	   0.00	   0.00	   0.00	   0.00	   0.00	   0.00	   0.00	   0.00	   0.00	   0.00	   0.00	   0.00	   0.00	   0.00	   0.00	   0.00	   0.00	   0.00
 t: 	 44	   0.00	   0.00	   0.00	   0.00	   0.00	   0.00	   0.00	   0.00	   0.00	   0.00	   0.00	   0.00	   0.00	   0.00	   0.00	   0.00	   0.00	   0.00	   0.00	   0.00
 t: 	 45	   0.00	   0.00	   0.00	   0.00	   0.00	   0.00	   0.00	   0.00	   0.00	   0.00	   0.00	   0.00	   0.00	   0.00	   0.00	   0.00	   0.00	   0.00	   0.00	   0.00
 t: 	 46	   0.00	   0.00	   0.00	   0.00	   0.00	   0.00	   0.00	   0.00	   0.00	   0.00	   0.00	   0.00	   0.00	   0.00	   0.00	   0.00	   0.00	   0.00	   0.00	   0.00
 t: 	 47	   0.00	   0.00	   0.00	   0.00	   0.00	   0.00	   0.00	   0.00	   0.00	   0.00	   0.00	   0.00	   0.00	   0.00	   0.00	   0.00	   0.00	   0.00	   0.00	   0.00
 t: 	 48	   0.00	   0.00	   0.00	   0.00	   0.00	   0.00	   0.00	   0.00	   0.00	   0.00	   0.00	   0.00	   0.00	   0.00	   0.00	   0.00	   0.00	   0.00	   0.00	   0.00
 t: 	 49	   0.00	   0.00	   0.00	   0.00	   0.00	   0.00	   0.00	   0.00	   0.00	   0.00	   0.00	   0.00	   0.00	   0.00	   0.00	   0.00	   0.00	   0.00	   0.00	   0.00
 t: 	 50	   0.00	   0.00	   0.00	   0.00	   0.00	   0.00	   0.00	   0.00	   0.00	   0.00	   0.00	   0.00	   0.00	   0.00	   0.00	   0.00	   0.00	   0.00	   0.00	   0.00
 t: 	 51	   0.00	   0.00	   0.00	   0.00	   0.00	   0.00	   0.00	   0.00	   0.00	   0.00	   0.00	   0.00	   0.00	   0.00	   0.00	   0.00	   0.00	   0.00	   0.00	   0.00
 t: 	 52	   0.00	   0.00	   0.00	   0.00	   0.00	   0.00	   0.00	   0.00	   0.00	   0.00	   0.00	   0.00	   0.00	   0.00	   0.00	   0.00	   0.00	   0.00	   0.00	   0.00
 t: 	 53	   0.00	   0.00	   0.00	   0.00	   0.00	   0.00	   0.00	   0.00	   0.00	   0.00	   0.00	   0.00	   0.00	   0.00	   0.00	   0.00	   0.00	   0.00	   0.00	   0.00
 t: 	 54	   0.00	   0.00	   0.00	   0.00	   0.00	   0.00	   0.00	   0.00	   0.00	   0.00	   0.00	   0.00	   0.00	   0.00	   0.00	   0.00	   0.00	   0.00	   0.00	   0.00
 t: 	 55	   0.00	   0.00	   0.00	   0.00	   0.00	   0.00	   0.00	   0.00	   0.00	   0.00	   0.00	   0.00	   0.00	   0.00	   0.00	   0.00	   0.00	   0.00	   0.00	   0.00
 t: 	 56	   0.00	   0.00	   0.00	   0.00	   0.00	   0.00	   0.00	   0.00	   0.00	   0.00	   0.00	   0.00	   0.00	   0.00	   0.00	   0.00	   0.00	   0.00	   0.00	   0.00
 t: 	 57	   0.00	   0.00	   0.00	   0.00	   0.00	   0.00	   0.00	   0.00	   0.00	   0.00	   0.00	   0.00	   0.00	   0.00	   0.00	   0.00	   0.00	   0.00	   0.00	   0.00
 t: 	 58	   0.00	   0.00	   0.00	   0.00	   0.00	   0.00	   0.00	   0.00	   0.00	   0.00	   0.00	   0.00	   0.00	   0.00	   0.00	   0.00	   0.00	   0.00	   0.00	   0.00
 t: 	 59	   0.00	   0.00	   0.00	   0.00	   0.00	   0.00	   0.00	   0.00	   0.00	   0.00	   0.00	   0.00	   0.00	   0.00	   0.00	   0.00	   0.00	   0.00	   0.00	   0.00
 t: 	 60	   0.00	   0.00	   0.00	   0.00	   0.00	   0.00	   0.00	   0.00	   0.00	   0.00	   0.00	   0.00	   0.00	   0.00	   0.00	   0.00	   0.00	   0.00	   0.00	   0.00
 t: 	 61	   0.00	   0.00	   0.00	   0.00	   0.00	   0.00	   0.00	   0.00	   0.00	   0.00	   0.00	   0.00	   0.00	   0.00	   0.00	   0.00	   0.00	   0.00	   0.00	   0.00
 t: 	 62	   0.00	   0.00	   0.00	   0.00	   0.00	   0.00	   0.00	   0.00	   0.00	   0.00	   0.00	   0.00	   0.00	   0.00	   0.00	   0.00	   0.00	   0.00	   0.00	   0.00
 t: 	 63	   0.00	   0.00	   0.00	   0.00	   0.00	   0.00	   0.00	   0.00	   0.00	   0.00	   0.00	   0.00	   0.00	   0.00	   0.00	   0.00	   0.00	   0.00	   0.00	   0.00
 t: 	 64	   0.00	   0.00	   0.00	   0.00	   0.00	   0.00	   0.00	   0.00	   0.00	   0.00	   0.00	   0.00	   0.00	   0.00	   0.00	   0.00	   0.00	   0.00	   0.00	   0.00
 t: 	 65	   0.00	   0.00	   0.00	   0.00	   0.00	   0.00	   0.00	   0.00	   0.00	   0.00	   0.00	   0.00	   0.00	   0.00	   0.00	   0.00	   0.00	   0.00	   0.00	   0.00
 t: 	 66	   0.00	   0.00	   0.00	   0.00	   0.00	   0.00	   0.00	   0.00	   0.00	   0.00	   0.00	   0.00	   0.00	   0.00	   0.00	   0.00	   0.00	   0.00	   0.00	   0.00
 t: 	 67	   0.00	   0.00	   0.00	   0.00	   0.00	   0.00	   0.00	   0.00	   0.00	   0.00	   0.00	   0.00	   0.00	   0.00	   0.00	   0.00	   0.00	   0.00	   0.00	   0.00
 t: 	 68	   0.00	   0.00	   0.00	   0.00	   0.00	   0.00	   0.00	   0.00	   0.00	   0.00	   0.00	   0.00	   0.00	   0.00	   0.00	   0.00	   0.00	   0.00	   0.00	   0.00
 t: 	 69	   0.00	   0.00	   0.00	   0.00	   0.00	   0.00	   0.00	   0.00	   0.00	   0.00	   0.00	   0.00	   0.00	   0.00	   0.00	   0.00	   0.00	   0.00	   0.00	   0.00
 t: 	 70	   0.00	   0.00	   0.00	   0.00	   0.00	   0.00	   0.00	   0.00	   0.00	   0.00	   0.00	   0.00	   0.00	   0.00	   0.00	   0.00	   0.00	   0.00	   0.00	   0.00
 t: 	 71	   0.00	   0.00	   0.00	   0.00	   0.00	   0.00	   0.00	   0.00	   0.00	   0.00	   0.00	   0.00	   0.00	   0.00	   0.00	   0.00	   0.00	   0.00	   0.00	   0.00
 t: 	 72	   0.00	   0.00	   0.00	   0.00	   0.00	   0.00	   0.00	   0.00	   0.00	   0.00	   0.00	   0.00	   0.00	   0.00	   0.00	   0.00	   0.00	   0.00	   0.00	   0.00
 t: 	 73	   0.00	   0.00	   0.00	   0.00	   0.00	   0.00	   0.00	   0.00	   0.00	   0.00	   0.00	   0.00	   0.00	   0.00	   0.00	   0.00	   0.00	   0.00	   0.00	   0.00
 t: 	 74	   0.00	   0.00	   0.00	   0.00	   0.00	   0.00	   0.00	   0.00	   0.00	   0.00	   0.00	   0.00	   0.00	   0.00	   0.00	   0.00	   0.00	   0.00	   0.00	   0.00
 t: 	 75	   0.00	   0.00	   0.00	   0.00	   0.00	   0.00	   0.00	   0.00	   0.00	   0.00	   0.00	   0.00	   0.00	   0.00	   0.00	   0.00	   0.00	   0.00	   0.00	   0.00
 t: 	 76	   0.00	   0.00	   0.00	   0.00	   0.00	   0.00	   0.00	   0.00	   0.00	   0.00	   0.00	   0.00	   0.00	   0.00	   0.00	   0.00	   0.00	   0.00	   0.00	   0.00
 t: 	 77	   0.00	   0.00	   0.00	   0.00	   0.00	   0.00	   0.00	   0.00	   0.00	   0.00	   0.00	   0.00	   0.00	   0.00	   0.00	   0.00	   0.00	   0.00	   0.00	   0.00
 t: 	 78	   0.00	   0.00	   0.00	   0.00	   0.00	   0.00	   0.00	   0.00	   0.00	   0.00	   0.00	   0.00	   0.00	   0.00	   0.00	   0.00	   0.00	   0.00	   0.00	   0.00
 t: 	 79	   0.00	   0.00	   0.00	   0.00	   0.00	   0.00	   0.00	   0.00	   0.00	   0.00	   0.00	   0.00	   0.00	   0.00	   0.00	   0.00	   0.00	   0.00	   0.00	   0.00
 t: 	 80	   0.00	   0.00	   0.00	   0.00	   0.00	   0.00	   0.00	   0.00	   0.00	   0.00	   0.00	   0.00	   0.00	   0.00	   0.00	   0.00	   0.00	   0.00	   0.00	   0.00
 t: 	 81	   0.00	   0.00	   0.00	   0.00	   0.00	   0.00	   0.00	   0.00	   0.00	   0.00	   0.00	   0.00	   0.00	   0.00	   0.00	   0.00	   0.00	   0.00	   0.00	   0.00
 t: 	 82	   0.00	   0.00	   0.00	   0.00	   0.00	   0.00	   0.00	   0.00	   0.00	   0.00	   0.00	   0.00	   0.00	   0.00	   0.00	   0.00	   0.00	   0.00	   0.00	   0.00
 t: 	 83	   0.00	   0.00	   0.00	   0.00	   0.00	   0.00	   0.00	   0.00	   0.00	   0.00	   0.00	   0.00	   0.00	   0.00	   0.00	   0.00	   0.00	   0.00	   0.00	   0.00
 t: 	 84	   0.00	   0.00	   0.00	   0.00	   0.00	   0.00	   0.00	   0.00	   0.00	   0.00	   0.00	   0.00	   0.00	   0.00	   0.00	   0.00	   0.00	   0.00	   0.00	   0.00
 t: 	 85	   0.00	   0.00	   0.00	   0.00	   0.00	   0.00	   0.00	   0.00	   0.00	   0.00	   0.00	   0.00	   0.00	   0.00	   0.00	   0.00	   0.00	   0.00	   0.00	   0.00
 t: 	 86	   0.00	   0.00	   0.00	   0.00	   0.00	   0.00	   0.00	   0.00	   0.00	   0.00	   0.00	   0.00	   0.00	   0.00	   0.00	   0.00	   0.00	   0.00	   0.00	   0.00
 t: 	 87	   0.00	   0.00	   0.00	   0.00	   0.00	   0.00	   0.00	   0.00	   0.00	   0.00	   0.00	   0.00	   0.00	   0.00	   0.00	   0.00	   0.00	   0.00	   0.00	   0.00
 t: 	 88	   0.00	   0.00	   0.00	   0.00	   0.00	   0.00	   0.00	   0.00	   0.00	   0.00	   0.00	   0.00	   0.00	   0.00	   0.00	   0.00	   0.00	   0.00	   0.00	   0.00
 t: 	 89	   0.00	   0.00	   0.00	   0.00	   0.00	   0.00	   0.00	   0.00	   0.00	   0.00	   0.00	   0.00	   0.00	   0.00	   0.00	   0.00	   0.00	   0.00	   0.00	   0.00
 t: 	 90	   0.00	   0.00	   0.00	   0.00	   0.00	   0.00	   0.00	   0.00	   0.00	   0.00	   0.00	   0.00	   0.00	   0.00	   0.00	   0.00	   0.00	   0.00	   0.00	   0.00
 t: 	 91	   0.00	   0.00	   0.00	   0.00	   0.00	   0.00	   0.00	   0.00	   0.00	   0.00	   0.00	   0.00	   0.00	   0.00	   0.00	   0.00	   0.00	   0.00	   0.00	   0.00
 t: 	 92	   0.00	   0.00	   0.00	   0.00	   0.00	   0.00	   0.00	   0.00	   0.00	   0.00	   0.00	   0.00	   0.00	   0.00	   0.00	   0.00	   0.00	   0.00	   0.00	   0.00
 t: 	 93	   0.00	   0.00	   0.00	   0.00	   0.00	   0.00	   0.00	   0.00	   0.00	   0.00	   0.00	   0.00	   0.00	   0.00	   0.00	   0.00	   0.00	   0.00	   0.00	   0.00
 t: 	 94	   0.00	   0.00	   0.00	   0.00	   0.00	   0.00	   0.00	   0.00	   0.00	   0.00	   0.00	   0.00	   0.00	   0.00	   0.00	   0.00	   0.00	   0.00	   0.00	   0.00
 t: 	 95	   0.00	   0.00	   0.00	   0.00	   0.00	   0.00	   0.00	   0.00	   0.00	   0.00	   0.00	   0.00	   0.00	   0.00	   0.00	   0.00	   0.00	   0.00	   0.00	   0.00
 t: 	 96	   0.00	   0.00	   0.00	   0.00	   0.00	   0.00	   0.00	   0.00	   0.00	   0.00	   0.00	   0.00	   0.00	   0.00	   0.00	   0.00	   0.00	   0.00	   0.00	   0.00Power Generation general 
 Bus:	      1	      2	      3	      4	      5	      6	      7	      8	      9	     10	     11	     12	     13	     14
 t: 	 1	 116.60	  40.00	   0.00	   0.00	   0.00	   0.00	   0.00	   0.00	   0.00	   0.00	   0.00	   0.00	   0.00	   0.00
 t: 	 2	 113.85	  40.00	   0.00	   0.00	   0.00	   0.00	   0.00	   0.00	   0.00	   0.00	   0.00	   0.00	   0.00	   0.00
 t: 	 3	 112.04	  40.00	   0.00	   0.00	   0.00	   0.00	   0.00	   0.00	   0.00	   0.00	   0.00	   0.00	   0.00	   0.00
 t: 	 4	 111.11	  40.00	   0.00	   0.00	   0.00	   0.00	   0.00	   0.00	   0.00	   0.00	   0.00	   0.00	   0.00	   0.00
 t: 	 5	 108.37	  40.00	   0.00	   0.00	   0.00	   0.00	   0.00	   0.00	   0.00	   0.00	   0.00	   0.00	   0.00	   0.00
 t: 	 6	 108.37	  40.00	   0.00	   0.00	   0.00	   0.00	   0.00	   0.00	   0.00	   0.00	   0.00	   0.00	   0.00	   0.00
 t: 	 7	 107.44	  40.00	   0.00	   0.00	   0.00	   0.00	   0.00	   0.00	   0.00	   0.00	   0.00	   0.00	   0.00	   0.00
 t: 	 8	 105.17	  40.00	   0.00	   0.00	   0.00	   0.00	   0.00	   0.00	   0.00	   0.00	   0.00	   0.00	   0.00	   0.00
 t: 	 9	 104.70	  40.00	   0.00	   0.00	   0.00	   0.00	   0.00	   0.00	   0.00	   0.00	   0.00	   0.00	   0.00	   0.00
 t: 	 10	 104.70	  40.00	   0.00	   0.00	   0.00	   0.00	   0.00	   0.00	   0.00	   0.00	   0.00	   0.00	   0.00	   0.00
 t: 	 11	 104.24	  40.00	   0.00	   0.00	   0.00	   0.00	   0.00	   0.00	   0.00	   0.00	   0.00	   0.00	   0.00	   0.00
 t: 	 12	 101.97	  40.00	   0.00	   0.00	   0.00	   0.00	   0.00	   0.00	   0.00	   0.00	   0.00	   0.00	   0.00	   0.00
 t: 	 13	 101.97	  40.00	   0.00	   0.00	   0.00	   0.00	   0.00	   0.00	   0.00	   0.00	   0.00	   0.00	   0.00	   0.00
 t: 	 14	 101.51	  40.00	   0.00	   0.00	   0.00	   0.00	   0.00	   0.00	   0.00	   0.00	   0.00	   0.00	   0.00	   0.00
 t: 	 15	 101.51	  40.00	   0.00	   0.00	   0.00	   0.00	   0.00	   0.00	   0.00	   0.00	   0.00	   0.00	   0.00	   0.00
 t: 	 16	 101.05	  40.00	   0.00	   0.00	   0.00	   0.00	   0.00	   0.00	   0.00	   0.00	   0.00	   0.00	   0.00	   0.00
 t: 	 17	 101.05	  40.00	   0.00	   0.00	   0.00	   0.00	   0.00	   0.00	   0.00	   0.00	   0.00	   0.00	   0.00	   0.00
 t: 	 18	 101.05	  40.00	   0.00	   0.00	   0.00	   0.00	   0.00	   0.00	   0.00	   0.00	   0.00	   0.00	   0.00	   0.00
 t: 	 19	 101.05	  40.00	   0.00	   0.00	   0.00	   0.00	   0.00	   0.00	   0.00	   0.00	   0.00	   0.00	   0.00	   0.00
 t: 	 20	 102.86	  40.00	   0.00	   0.00	   0.00	   0.00	   0.00	   0.00	   0.00	   0.00	   0.00	   0.00	   0.00	   0.00
 t: 	 21	 104.67	  40.00	   0.00	   0.00	   0.00	   0.00	   0.00	   0.00	   0.00	   0.00	   0.00	   0.00	   0.00	   0.00
 t: 	 22	 105.13	  40.00	   0.00	   0.00	   0.00	   0.00	   0.00	   0.00	   0.00	   0.00	   0.00	   0.00	   0.00	   0.00
 t: 	 23	 105.59	  40.00	   0.00	   0.00	   0.00	   0.00	   0.00	   0.00	   0.00	   0.00	   0.00	   0.00	   0.00	   0.00
 t: 	 24	 105.59	  40.00	   0.00	   0.00	   0.00	   0.00	   0.00	   0.00	   0.00	   0.00	   0.00	   0.00	   0.00	   0.00
 t: 	 25	 107.87	  40.00	   0.00	   0.00	   0.00	   0.00	   0.00	   0.00	   0.00	   0.00	   0.00	   0.00	   0.00	   0.00
 t: 	 26	 108.33	  40.00	   0.00	   0.00	   0.00	   0.00	   0.00	   0.00	   0.00	   0.00	   0.00	   0.00	   0.00	   0.00
 t: 	 27	 111.11	  40.00	   0.00	   0.00	   0.00	   0.00	   0.00	   0.00	   0.00	   0.00	   0.00	   0.00	   0.00	   0.00
 t: 	 28	 115.67	  40.00	   0.00	   0.00	   0.00	   0.00	   0.00	   0.00	   0.00	   0.00	   0.00	   0.00	   0.00	   0.00
 t: 	 29	 121.18	  40.00	   0.00	   0.00	   0.00	   0.00	   0.00	   0.00	   0.00	   0.00	   0.00	   0.00	   0.00	   0.00
 t: 	 30	 130.36	  40.00	   0.00	   0.00	   0.00	   0.00	   0.00	   0.00	   0.00	   0.00	   0.00	   0.00	   0.00	   0.00
 t: 	 31	 232.40	  40.00	   0.00	   0.00	   0.00	   0.00	   0.00	   0.00	   0.00	   0.00	   0.00	   0.00	   0.00	   0.00
 t: 	 32	 150.74	  40.00	   0.00	   0.00	   0.00	   0.00	   0.00	   0.00	   0.00	   0.00	   0.00	   0.00	   0.00	   0.00
 t: 	 33	 156.33	  40.00	   0.00	   0.00	   0.00	   0.00	   0.00	   0.00	   0.00	   0.00	   0.00	   0.00	   0.00	   0.00
 t: 	 34	 165.70	  40.00	   0.00	   0.00	   0.00	   0.00	   0.00	   0.00	   0.00	   0.00	   0.00	   0.00	   0.00	   0.00
 t: 	 35	 180.86	  40.00	   0.00	   0.00	   0.00	   0.00	   0.00	   0.00	   0.00	   0.00	   0.00	   0.00	   0.00	   0.00
 t: 	 36	 192.27	  40.00	   0.00	   0.00	   0.00	   0.00	   0.00	   0.00	   0.00	   0.00	   0.00	   0.00	   0.00	   0.00
 t: 	 37	 198.02	  40.00	   0.00	   0.00	   0.00	   0.00	   0.00	   0.00	   0.00	   0.00	   0.00	   0.00	   0.00	   0.00
 t: 	 38	 202.81	  40.00	   0.00	   0.00	   0.00	   0.00	   0.00	   0.00	   0.00	   0.00	   0.00	   0.00	   0.00	   0.00
 t: 	 39	 206.65	  40.00	   0.00	   0.00	   0.00	   0.00	   0.00	   0.00	   0.00	   0.00	   0.00	   0.00	   0.00	   0.00
 t: 	 40	 212.45	  40.00	   0.00	   0.00	   0.00	   0.00	   0.00	   0.00	   0.00	   0.00	   0.00	   0.00	   0.00	   0.00
 t: 	 41	 216.31	  40.00	   0.00	   0.00	   0.00	   0.00	   0.00	   0.00	   0.00	   0.00	   0.00	   0.00	   0.00	   0.00
 t: 	 42	 219.20	  40.00	   0.00	   0.00	   0.00	   0.00	   0.00	   0.00	   0.00	   0.00	   0.00	   0.00	   0.00	   0.00
 t: 	 43	 222.09	  40.00	   0.00	   0.00	   0.00	   0.00	   0.00	   0.00	   0.00	   0.00	   0.00	   0.00	   0.00	   0.00
 t: 	 44	 225.97	  40.00	   0.00	   0.00	   0.00	   0.00	   0.00	   0.00	   0.00	   0.00	   0.00	   0.00	   0.00	   0.00
 t: 	 45	 227.91	  40.00	   0.00	   0.00	   0.00	   0.00	   0.00	   0.00	   0.00	   0.00	   0.00	   0.00	   0.00	   0.00
 t: 	 46	 229.89	  40.00	   0.00	   0.00	   0.00	   0.00	   0.00	   0.00	   0.00	   0.00	   0.00	   0.00	   0.00	   0.00
 t: 	 47	 229.89	  40.00	   0.00	   0.00	   0.00	   0.00	   0.00	   0.00	   0.00	   0.00	   0.00	   0.00	   0.00	   0.00
 t: 	 48	 229.89	  40.00	   0.00	   0.00	   0.00	   0.00	   0.00	   0.00	   0.00	   0.00	   0.00	   0.00	   0.00	   0.00
 t: 	 49	 229.93	  40.00	   0.00	   0.00	   0.00	   0.00	   0.00	   0.00	   0.00	   0.00	   0.00	   0.00	   0.00	   0.00
 t: 	 50	 222.14	  40.00	   0.00	   0.00	   0.00	   0.00	   0.00	   0.00	   0.00	   0.00	   0.00	   0.00	   0.00	   0.00
 t: 	 51	 232.40	  40.00	   0.00	   0.00	   0.00	   0.00	   0.00	   0.00	   0.00	   0.00	   0.00	   0.00	   0.00	   0.00
 t: 	 52	 215.43	  40.00	   0.00	   0.00	   0.00	   0.00	   0.00	   0.00	   0.00	   0.00	   0.00	   0.00	   0.00	   0.00
 t: 	 53	 217.34	  40.00	   0.00	   0.00	   0.00	   0.00	   0.00	   0.00	   0.00	   0.00	   0.00	   0.00	   0.00	   0.00
 t: 	 54	 215.43	  40.00	   0.00	   0.00	   0.00	   0.00	   0.00	   0.00	   0.00	   0.00	   0.00	   0.00	   0.00	   0.00
 t: 	 55	 232.40	  40.00	   0.00	   0.00	   0.00	   0.00	   0.00	   0.00	   0.00	   0.00	   0.00	   0.00	   0.00	   0.00
 t: 	 56	 232.40	  40.00	   0.00	   0.00	   0.00	   0.00	   0.00	   0.00	   0.00	   0.00	   0.00	   0.00	   0.00	   0.00
 t: 	 57	 227.02	  40.00	   0.00	   0.00	   0.00	   0.00	   0.00	   0.00	   0.00	   0.00	   0.00	   0.00	   0.00	   0.00
 t: 	 58	 229.93	  40.00	   0.00	   0.00	   0.00	   0.00	   0.00	   0.00	   0.00	   0.00	   0.00	   0.00	   0.00	   0.00
 t: 	 59	 230.89	  40.00	   0.00	   0.00	   0.00	   0.00	   0.00	   0.00	   0.00	   0.00	   0.00	   0.00	   0.00	   0.00
 t: 	 60	 231.38	  40.00	   0.00	   0.00	   0.00	   0.00	   0.00	   0.00	   0.00	   0.00	   0.00	   0.00	   0.00	   0.00
 t: 	 61	 231.38	  40.00	   0.00	   0.00	   0.00	   0.00	   0.00	   0.00	   0.00	   0.00	   0.00	   0.00	   0.00	   0.00
 t: 	 62	 231.88	  40.00	   0.00	   0.00	   0.00	   0.00	   0.00	   0.00	   0.00	   0.00	   0.00	   0.00	   0.00	   0.00
 t: 	 63	 231.38	  40.00	   0.00	   0.00	   0.00	   0.00	   0.00	   0.00	   0.00	   0.00	   0.00	   0.00	   0.00	   0.00
 t: 	 64	 231.38	  40.00	   0.00	   0.00	   0.00	   0.00	   0.00	   0.00	   0.00	   0.00	   0.00	   0.00	   0.00	   0.00
 t: 	 65	 232.34	  40.00	   0.00	   0.00	   0.00	   0.00	   0.00	   0.00	   0.00	   0.00	   0.00	   0.00	   0.00	   0.00
 t: 	 66	 230.89	  40.00	   0.00	   0.00	   0.00	   0.00	   0.00	   0.00	   0.00	   0.00	   0.00	   0.00	   0.00	   0.00
 t: 	 67	 229.89	  40.00	   0.00	   0.00	   0.00	   0.00	   0.00	   0.00	   0.00	   0.00	   0.00	   0.00	   0.00	   0.00
 t: 	 68	 228.93	  40.00	   0.00	   0.00	   0.00	   0.00	   0.00	   0.00	   0.00	   0.00	   0.00	   0.00	   0.00	   0.00
 t: 	 69	 232.40	  40.00	   0.00	   0.00	   0.00	   0.00	   0.00	   0.00	   0.00	   0.00	   0.00	   0.00	   0.00	   0.00
 t: 	 70	 221.18	  40.00	   0.00	   0.00	   0.00	   0.00	   0.00	   0.00	   0.00	   0.00	   0.00	   0.00	   0.00	   0.00
 t: 	 71	 217.34	  40.00	   0.00	   0.00	   0.00	   0.00	   0.00	   0.00	   0.00	   0.00	   0.00	   0.00	   0.00	   0.00
 t: 	 72	 212.53	  40.00	   0.00	   0.00	   0.00	   0.00	   0.00	   0.00	   0.00	   0.00	   0.00	   0.00	   0.00	   0.00
 t: 	 73	 232.40	  40.00	   0.00	   0.00	   0.00	   0.00	   0.00	   0.00	   0.00	   0.00	   0.00	   0.00	   0.00	   0.00
 t: 	 74	 203.88	  40.00	   0.00	   0.00	   0.00	   0.00	   0.00	   0.00	   0.00	   0.00	   0.00	   0.00	   0.00	   0.00
 t: 	 75	 200.05	  40.00	   0.00	   0.00	   0.00	   0.00	   0.00	   0.00	   0.00	   0.00	   0.00	   0.00	   0.00	   0.00
 t: 	 76	 199.08	  40.00	   0.00	   0.00	   0.00	   0.00	   0.00	   0.00	   0.00	   0.00	   0.00	   0.00	   0.00	   0.00
 t: 	 77	 194.69	  40.00	   0.00	   0.00	   0.00	   0.00	   0.00	   0.00	   0.00	   0.00	   0.00	   0.00	   0.00	   0.00
 t: 	 78	 190.01	  40.00	   0.00	   0.00	   0.00	   0.00	   0.00	   0.00	   0.00	   0.00	   0.00	   0.00	   0.00	   0.00
 t: 	 79	 184.20	  40.00	   0.00	   0.00	   0.00	   0.00	   0.00	   0.00	   0.00	   0.00	   0.00	   0.00	   0.00	   0.00
 t: 	 80	 180.80	  40.00	   0.00	   0.00	   0.00	   0.00	   0.00	   0.00	   0.00	   0.00	   0.00	   0.00	   0.00	   0.00
 t: 	 81	 174.53	  40.00	   0.00	   0.00	   0.00	   0.00	   0.00	   0.00	   0.00	   0.00	   0.00	   0.00	   0.00	   0.00
 t: 	 82	 170.38	  40.00	   0.00	   0.00	   0.00	   0.00	   0.00	   0.00	   0.00	   0.00	   0.00	   0.00	   0.00	   0.00
 t: 	 83	 166.05	  40.00	   0.00	   0.00	   0.00	   0.00	   0.00	   0.00	   0.00	   0.00	   0.00	   0.00	   0.00	   0.00
 t: 	 84	 163.63	  40.00	   0.00	   0.00	   0.00	   0.00	   0.00	   0.00	   0.00	   0.00	   0.00	   0.00	   0.00	   0.00
 t: 	 85	 157.41	  40.00	   0.00	   0.00	   0.00	   0.00	   0.00	   0.00	   0.00	   0.00	   0.00	   0.00	   0.00	   0.00
 t: 	 86	 152.16	  40.00	   0.00	   0.00	   0.00	   0.00	   0.00	   0.00	   0.00	   0.00	   0.00	   0.00	   0.00	   0.00
 t: 	 87	 149.00	  40.00	   0.00	   0.00	   0.00	   0.00	   0.00	   0.00	   0.00	   0.00	   0.00	   0.00	   0.00	   0.00
 t: 	 88	 146.21	  40.00	   0.00	   0.00	   0.00	   0.00	   0.00	   0.00	   0.00	   0.00	   0.00	   0.00	   0.00	   0.00
 t: 	 89	 142.48	  40.00	   0.00	   0.00	   0.00	   0.00	   0.00	   0.00	   0.00	   0.00	   0.00	   0.00	   0.00	   0.00
 t: 	 90	 138.41	  40.00	   0.00	   0.00	   0.00	   0.00	   0.00	   0.00	   0.00	   0.00	   0.00	   0.00	   0.00	   0.00
 t: 	 91	 232.40	  40.00	   0.00	   0.00	   0.00	   0.00	   0.00	   0.00	   0.00	   0.00	   0.00	   0.00	   0.00	   0.00
 t: 	 92	 128.24	  40.00	   0.00	   0.00	   0.00	   0.00	   0.00	   0.00	   0.00	   0.00	   0.00	   0.00	   0.00	   0.00
 t: 	 93	 123.08	  40.00	   0.00	   0.00	   0.00	   0.00	   0.00	   0.00	   0.00	   0.00	   0.00	   0.00	   0.00	   0.00
 t: 	 94	 120.32	  40.00	   0.00	   0.00	   0.00	   0.00	   0.00	   0.00	   0.00	   0.00	   0.00	   0.00	   0.00	   0.00
 t: 	 95	 119.39	  40.00	   0.00	   0.00	   0.00	   0.00	   0.00	   0.00	   0.00	   0.00	   0.00	   0.00	   0.00	   0.00
 t: 	 96	 117.57	  40.00	   0.00	   0.00	   0.00	   0.00	   0.00	   0.00	   0.00	   0.00	   0.00	   0.00	   0.00	   0.00